39,226,59,27
48,228,53,23
50,226,52,25
52,226,53,24
56,229,55,24
61,224,52,26
61,229,58,23
72,228,45,27
72,230,51,22
76,225,51,26
76,228,55,23
82,225,51,28
84,227,57,26
91,227,52,27
89,230,61,20
96,229,50,24
99,228,53,26
100,227,52,27
107,232,48,25
106,233,53,23
116,233,49,25
113,230,50,27
120,235,52,26
120,236,51,24
124,240,55,23
134,238,47,25
132,239,54,28
135,243,51,25
140,242,53,28
143,244,49,24
146,247,49,24
153,246,49,26
153,250,50,21
161,249,45,24
163,252,50,23
165,250,50,24
169,250,46,29
168,257,53,23
175,259,46,20
175,260,51,21
180,259,52,23
182,258,53,27
179,259,57,27
191,259,50,26
191,258,51,26
195,260,49,26
199,259,48,26
202,261,49,24
203,261,49,22
211,260,46,24
210,262,48,23
213,263,51,23
216,262,49,23
221,261,48,25
219,262,49,26
221,263,54,24
228,261,50,27
229,265,51,25
235,264,48,26
235,263,50,24
238,262,50,27
238,264,56,24
242,262,48,27
244,265,53,23
246,263,53,26
253,264,45,27
253,268,52,22
259,265,48,24
261,264,46,27
263,261,49,25
265,264,51,25
268,260,47,27
269,261,46,26
275,264,43,18
276,260,45,26
272,261,52,23
279,259,45,24
280,260,49,26
283,261,48,22
284,259,50,25
287,256,47,25
289,258,45,24
288,258,51,22
295,257,46,21
297,253,44,25
297,253,53,23
298,249,52,26
300,251,51,25
305,248,51,24
306,241,45,35
307,247,48,22
312,243,49,24
316,244,42,27
318,244,40,22
315,243,49,23
317,242,50,22
321,239,47,28
320,234,47,31
322,237,49,24
324,234,47,25
326,233,45,28
326,231,49,29
329,232,48,25
330,230,51,28
332,230,50,28
332,229,51,29
337,225,52,33
338,225,47,31
338,226,47,28
340,227,49,27
342,225,53,32
348,222,45,30
340,225,58,28
351,224,44,27
347,226,51,27
348,223,48,30
352,226,50,28
355,222,47,28
362,224,46,28
355,223,46,28
359,221,48,36
363,223,47,29
362,220,49,34
361,224,55,31
362,218,55,33
370,219,49,32
365,219,50,34
369,217,46,34
375,224,47,28
373,223,47,30
371,225,53,29
377,225,44,28
381,226,45,30
381,223,49,29
379,224,50,30
383,221,45,32
383,222,49,31
386,223,46,30
386,223,46,32
392,223,39,31
392,225,41,32
391,227,46,27
394,228,44,28
397,225,44,32
398,229,46,31
399,227,41,29
401,227,37,31
399,229,44,30
397,226,49,30
399,228,47,32
402,227,43,33
403,230,46,29
400,227,48,35
402,226,46,34
405,227,44,30
403,227,48,33
405,233,47,28
406,233,47,31
408,231,47,31
408,235,44,29
411,233,41,33
407,233,47,29
410,233,46,31
412,233,44,32
411,232,48,34
409,235,49,33
409,233,47,34
411,234,43,31
411,233,45,34
411,237,46,31
410,236,48,32
410,239,46,30
413,241,43,29
411,242,43,29
412,241,43,30
415,241,43,30
416,242,37,30
416,242,38,29
418,241,36,29
418,246,43,28
417,243,40,33
417,247,42,29
416,245,41,30
419,247,42,31
420,244,43,35
421,245,37,35
420,245,41,36
418,248,46,34
421,246,41,36
419,246,44,35
422,246,47,36
425,247,40,34
426,248,42,34
430,249,41,34
433,251,40,32
434,250,41,36
432,251,43,35
437,251,43,36
443,253,39,34
444,250,39,37
443,252,39,35
446,253,38,36
445,251,45,36
449,252,42,41
455,252,36,43
455,252,36,38
460,253,35,42
461,253,33,41
462,256,37,37
462,254,38,42
468,252,32,42
464,253,41,45
471,254,35,42
476,256,31,41
476,255,31,43
476,254,31,42
481,254,34,48
485,263,28,35
485,261,29,38
488,260,30,40
490,260,28,45
491,261,28,42
493,260,29,44
496,264,29,43
496,263,28,42
496,268,33,42
498,266,32,44
499,265,32,44
500,270,36,43
504,270,30,42
509,269,26,44
508,270,30,46
509,273,29,43
510,274,27,42
510,271,31,49
512,270,28,49
515,276,27,45
518,282,25,39
519,282,24,41
519,282,23,42
517,285,28,39
518,282,28,43
518,286,28,43
517,287,33,42
523,287,28,43
523,285,29,46
524,286,25,47
525,289,24,46
525,292,25,43
527,294,24,47
527,293,26,48
528,298,25,46
531,298,21,48
530,297,25,52
529,296,22,49
529,299,25,48
532,305,25,44
534,300,21,50
536,310,22,44
536,310,23,46
538,306,19,52
535,313,26,41
536,311,26,51
537,315,27,49
541,317,24,50
539,318,27,50
538,317,28,54
542,322,26,49
545,323,23,52
545,325,23,49
549,331,24,47
549,336,26,42
548,333,26,46
548,337,30,49
551,334,27,52
557,341,21,46
557,344,23,51
556,340,26,49
560,347,25,45
562,348,21,50
562,352,27,48
566,355,22,46
567,360,22,47
567,361,25,48
572,362,22,50
571,363,25,50
574,365,23,51
576,373,21,48
578,373,20,51
578,377,20,50
577,379,24,52
580,381,21,53
580,382,22,54
580,388,22,54
578,386,24,55
580,391,22,54
580,395,24,50
579,398,26,51
582,395,24,54
585,398,20,59
583,406,23,55
581,410,25,53
582,410,22,52
581,417,25,50
582,419,24,55
582,423,26,52
582,422,26,59
582,430,27,48
586,429,24,59
582,433,26,53
582,438,25,53
584,441,25,53
585,444,22,55
581,446,28,57
581,448,28,62
583,456,28,53
580,460,30,57
582,460,26,60
580,462,27,58
579,465,29,61
580,473,26,57
577,471,31,65
579,475,27,60
579,484,26,54
577,486,26,49
581,491,21,47
581,491,22,43
580,496,21,40
576,500,24,38
574,503,23,34
575,506,21,30
574,509,24,29
574,512,24,25
573,521,24,17
573,521,23,17
567,523,31,16
571,522,29,12
555,347,25,57
550,344,32,64
552,356,29,50
550,359,27,52
552,358,23,56
546,366,32,52
549,365,28,54
545,364,30,59
549,370,23,53
547,372,23,58
546,368,25,56
544,378,23,55
540,381,27,54
540,386,27,49
541,386,23,50
539,388,24,58
538,393,24,49
538,391,25,60
538,393,20,58
536,393,21,62
535,402,27,56
532,411,26,46
526,407,30,52
526,409,28,52
525,409,26,59
523,411,27,59
518,408,29,68
523,419,28,62
521,415,27,61
517,422,28,62
515,425,26,58
511,426,29,59
517,428,22,58
514,429,18,67
510,435,24,62
506,440,24,59
503,442,30,60
504,445,26,59
504,446,20,63
498,451,26,56
496,452,26,68
495,457,23,63
492,460,25,61
490,466,23,60
483,471,34,60
480,471,29,58
482,473,26,62
475,477,31,57
475,471,29,66
472,478,30,59
479,494,21,41
476,485,22,49
471,484,23,52
471,491,24,46
471,501,23,34
467,498,26,37
469,507,20,26
467,506,21,31
466,509,20,26
465,514,22,23
464,519,19,20
459,518,24,22
460,514,24,23
461,523,20,14
459,524,25,12
511,421,33,56
517,429,29,49
515,425,31,52
511,419,31,63
508,421,34,58