7,461,81,49
6,464,82,44
6,464,83,41
9,463,77,41
5,460,84,46
4,458,85,51
8,462,77,41
5,463,82,42
7,459,84,45
7,464,79,39
3,466,87,37
9,464,79,40
2,460,90,42
5,465,84,37
5,463,82,41
6,465,81,45
3,460,83,46
2,460,88,46
6,458,81,47
5,461,82,44
6,461,81,43
1,461,88,45
6,459,79,48
6,460,87,43
3,460,86,45
1,459,87,48
9,464,77,44
7,463,82,40
6,463,81,40
6,465,80,40
5,466,83,41
4,463,82,40
6,462,80,45
5,463,85,41
6,463,80,43
8,461,82,46
4,460,83,47
5,460,88,46
7,461,79,46
3,459,87,47
6,459,83,44
11,458,81,47
6,459,85,50
6,462,83,47
4,456,83,51
2,459,94,44
5,463,86,41
5,454,97,54
8,458,78,44
9,463,86,42
4,463,87,44
5,461,87,46
2,462,87,47
3,461,90,47
5,459,86,48
6,461,84,45
3,463,87,43
5,463,81,41
8,459,83,49
5,460,90,47
5,462,86,42
8,460,80,47
5,463,91,42
7,462,85,43
2,459,90,50
2,460,87,45
9,467,76,36
6,463,84,48
4,466,89,40
6,461,80,45
4,462,90,44
7,467,83,36
8,463,84,38
5,467,83,36
7,466,82,36
10,463,76,43
3,465,82,43
3,465,89,41
7,463,80,43
3,464,89,43
10,461,86,48
7,467,86,34
6,464,80,43
2,464,95,44
5,462,81,42
6,460,83,46
3,458,90,52
5,458,81,49
6,459,83,43
10,459,82,45
6,459,78,50
2,462,94,42
5,459,92,46
8,464,85,39
6,462,79,47
6,462,88,43
7,460,82,47
8,461,83,48
5,464,85,41
7,467,83,37
9,464,87,49
8,462,90,42
6,462,85,41
10,461,82,46
10,466,83,43
7,470,82,39
9,462,82,43
7,456,89,49
8,463,81,37
9,467,89,40
3,463,92,44
1,458,101,51
9,462,86,44
11,463,82,41
3,464,89,39
4,461,84,41
10,457,80,43
3,459,88,39
11,453,97,51
10,459,79,37
3,454,89,45
5,454,92,40
11,450,79,45
5,448,89,44
10,449,84,41
9,442,87,51
9,443,83,40
14,443,77,41
8,441,81,39
8,437,85,48
9,437,91,42
7,434,83,45
9,433,85,42
8,430,82,41
6,427,89,42
7,429,87,42
4,420,91,44
8,423,87,42
8,419,86,44
9,418,87,43
7,416,89,39
10,409,87,47
11,409,86,41
11,407,83,41
7,405,91,38
10,404,90,36
10,400,84,43
9,394,85,45
10,393,87,44
7,390,95,47
15,391,79,40
10,387,92,46
8,379,93,48
11,378,84,47
10,379,93,43
15,375,85,47
16,374,86,44
11,373,91,40
12,366,88,47
15,363,88,47
19,362,82,44
17,361,85,47
15,356,91,50
12,354,92,50
22,353,83,45
27,349,74,48
27,348,77,44
21,345,85,42
27,339,88,59
24,336,97,54
35,341,67,43
24,333,81,51
24,332,87,46
27,330,84,43
28,325,81,46
25,323,88,41
25,320,91,49
29,317,80,44
26,310,90,51
32,313,82,47
33,308,83,45
31,305,86,49
31,304,87,44
30,300,87,47
37,301,82,45
36,295,83,49
37,293,80,49
41,290,80,47
39,287,83,50
36,289,93,49
40,288,79,41
47,286,73,42
51,281,74,47
39,274,94,64
44,271,83,55
44,264,82,56
49,268,80,57
52,270,77,50
53,266,85,49
50,263,92,59
49,265,85,49
48,261,85,51
52,257,84,51
50,252,84,55
52,253,88,51
53,248,87,61
56,251,87,51
51,245,87,54
55,244,83,52
64,243,80,55
59,236,87,60
65,234,78,64
65,243,88,47
75,233,69,57
70,237,76,49
74,230,73,60
67,225,84,59
68,219,94,68
69,220,80,63
78,221,79,61
74,223,81,62
76,220,80,61
77,218,85,60
73,210,86,65
81,214,78,60
78,202,76,68
85,208,78,65
84,204,81,67
77,203,87,64
88,204,76,58
88,204,77,59
97,197,71,63
93,200,78,58
95,197,80,62
101,200,71,58
98,197,75,55
100,193,76,62
96,190,81,60
101,189,83,62
103,189,71,62
105,185,76,63
105,180,72,65
107,183,75,63
103,179,83,66
105,174,78,68
106,177,78,60
104,179,83,58
106,171,85,69
109,164,79,72
112,164,79,73
111,166,82,71
117,168,76,64
119,160,77,77
122,163,73,67
129,165,66,64
122,160,73,64
132,160,65,65
127,159,74,64
122,157,86,66
128,156,72,67
130,157,76,69
127,151,82,72
137,153,72,68
132,151,74,69
133,146,76,74
134,147,78,64
139,151,73,66
140,147,72,66
142,144,77,71
144,145,68,70
146,137,75,76
154,142,60,67
151,144,66,66
150,138,69,73
149,130,70,82
157,136,64,72
154,136,68,70
157,131,68,77
161,127,66,78
165,133,60,69
158,137,73,65
165,131,66,75
164,135,64,68
162,120,69,82
168,130,66,68
166,124,67,74
170,128,67,69
171,128,66,71
171,126,68,71
172,126,68,67
178,121,65,74
175,114,69,78
179,122,62,70
178,119,71,77
181,124,69,72
184,119,61,72
183,121,67,74
184,121,69,73
188,114,62,76
190,118,64,74
189,118,65,70
184,115,77,73
184,117,70,75
185,117,69,73
194,122,69,65
192,115,69,68
191,112,75,76
199,110,59,85
202,112,60,72
192,112,69,73
205,111,59,80
213,111,58,79
198,106,71,80
210,107,55,76
210,114,53,71
200,108,67,74
215,102,58,81
210,108,60,74
217,107,56,70
216,112,64,66
220,105,50,74
210,101,64,77
223,104,53,77
220,99,54,76
218,101,61,77
222,104,55,73
226,99,53,79
225,102,56,74
227,98,56,82
233,99,43,81
221,98,68,75
233,97,53,78
231,92,54,79
225,87,64,84
231,88,57,83
238,98,50,66
241,95,48,76
240,97,55,75
240,98,59,76
239,82,57,88
242,93,54,77
245,87,52,79
246,83,60,85
247,84,51,80
249,89,47,74
252,85,51,77
251,87,50,73
254,84,49,76
255,82,48,79
258,84,43,77
258,88,47,75
259,91,44,64
258,89,52,70
258,82,53,72
265,80,46,73
267,81,42,75
260,80,53,75
265,78,51,78
265,80,48,74
268,84,46,72
264,78,55,75
266,76,52,76
269,74,46,80
269,75,52,81
271,71,50,81
270,72,54,81
272,70,48,79
276,73,45,79
274,72,50,76
275,63,45,87
275,69,49,76
280,72,45,76
277,70,53,74
280,71,51,72
279,67,54,76
280,63,52,79
283,60,46,80
279,62,48,80
283,65,51,75
288,63,48,79
288,64,49,73
292,66,45,75
296,54,40,87
299,64,40,74
294,62,47,78
292,58,44,80
296,57,44,83
300,61,41,80
304,60,34,76
303,54,41,79
300,55,44,77
300,50,44,83
295,56,51,72
305,53,38,80
303,47,50,88
306,48,42,79
306,47,43,86
304,49,45,82
315,47,40,89
310,51,49,78
310,53,41,66
310,46,46,85
312,44,42,85
317,44,41,92
315,47,39,86
311,49,52,85
315,46,44,81
314,41,47,86
318,42,39,88
312,48,52,79
316,46,43,80
316,48,44,74
320,47,40,81
320,48,38,78
318,43,45,82
317,36,48,95
320,42,44,84
325,43,42,84
327,43,39,86
323,45,43,80
322,37,45,86
319,41,45,87
322,46,43,79
326,41,43,84
326,41,41,84
325,39,43,85
327,33,40,96
329,45,43,78
328,47,44,73
320,41,51,79
324,47,45,83
330,50,39,68
330,41,41,85
330,42,40,79
334,44,35,74
329,41,40,78
329,42,41,78
331,44,39,76
334,44,36,77
334,43,36,79
329,40,41,83
328,38,39,79
342,47,26,80
331,47,44,75
334,42,40,85
331,37,38,88
327,35,45,87
332,43,40,73
330,36,46,90
331,43,41,75
330,37,43,87
328,41,44,82
335,41,32,80
331,43,37,77
334,44,39,83
335,43,34,77
332,43,36,74
328,36,40,86
333,42,38,77
334,47,42,74
332,43,40,77
330,43,41,77
329,41,43,80
335,43,34,72
332,44,39,74
331,43,41,81
333,48,37,72
332,38,39,82
330,44,43,78
329,46,41,77
329,45,41,80
331,41,38,82
335,43,31,79
330,36,38,84
331,37,37,83
329,39,40,79
334,40,37,82
331,39,39,78
334,40,32,79
328,40,41,80
330,46,41,81
330,38,43,87
333,36,36,82
333,34,37,88
333,37,37,82
332,33,37,88
330,34,38,83
331,31,41,92
327,31,43,88
332,36,35,83
332,35,38,85
323,32,46,88
326,27,44,94
329,32,40,82
325,37,43,79
331,36,39,78
327,26,43,87
323,30,47,85
326,42,43,74
324,30,47,88
333,42,37,70
326,42,40,70
328,41,40,77
338,46,31,70
328,35,37,73
327,36,44,78
329,35,46,83
333,44,32,67
323,34,46,91
326,40,41,72
329,41,41,74
330,37,41,80
333,29,35,94
329,47,40,71
326,41,42,85
329,39,38,87
329,37,41,91
330,43,39,85
324,42,46,85
330,49,1,1
324,41,44,84
327,49,41,81
328,47,39,88
326,57,39,73
329,46,38,83
327,51,43,78
326,55,40,78
334,55,33,81
319,53,53,82
326,60,43,76
323,58,49,88
327,63,43,77
327,58,41,87
330,70,34,66
324,62,44,81
324,66,44,83
326,69,45,84
326,68,42,79
326,64,38,86
330,73,42,77
326,72,41,82
327,71,37,83
321,75,47,80
320,71,45,83
322,66,45,95
321,78,46,82
326,80,38,89
321,78,45,87
323,83,45,82
326,85,40,79
325,83,41,80
326,86,42,84
327,88,37,83
323,90,46,80
322,90,48,79
319,84,47,84
319,87,45,81
323,90,42,92
325,96,41,82
326,91,41,92
318,98,47,89
319,106,49,73
327,105,38,75
323,108,41,76
321,104,44,82
323,104,46,82
322,111,38,77
322,107,43,88
319,110,42,82
327,117,33,83
328,117,35,78
319,116,43,84
323,130,39,71
318,124,43,80
320,125,43,81
324,127,35,87
321,131,37,78
324,137,33,78
320,134,38,78
314,138,41,78
318,136,42,86
318,137,45,90
316,147,46,70
319,144,42,78
325,153,34,66
321,151,33,76
321,154,37,74
316,149,42,85
325,159,33,72
319,161,41,73
320,154,38,83
316,160,40,78
313,163,44,84
316,164,39,83
323,165,34,85
320,169,43,75
312,166,49,83
320,171,34,86
321,172,35,88
320,178,37,80
326,186,27,71
321,191,35,76
319,183,40,85
315,197,52,83
314,191,46,83
318,196,40,80
313,194,45,88
316,202,46,76
320,203,35,82
315,207,46,77
314,203,43,87
316,210,44,81
319,207,38,85
319,209,40,84
317,218,43,81
318,222,40,71
316,223,42,80
312,224,47,81
318,225,40,84
319,231,35,80
318,233,36,81
316,237,37,80
316,235,45,86
318,243,38,79
311,242,50,85
315,239,41,89
317,246,42,78
317,255,41,80
312,254,46,77
314,256,44,86
321,262,35,81
313,264,45,80
317,256,40,91
320,267,40,81
318,279,39,71
322,277,36,76
318,278,38,80
318,282,40,78
323,283,35,88
315,283,39,87
320,290,39,86
316,294,43,81
321,301,36,73
319,299,42,83
319,311,42,72
316,311,46,78
318,312,42,77
318,314,40,75
321,316,35,81
321,315,37,84
316,324,47,74
319,325,40,74
317,320,43,83
316,322,42,93
321,337,37,82
315,338,50,102
321,342,40,86
314,348,47,74
323,347,34,84
317,355,43,76
321,355,41,83
321,358,37,78
325,362,33,78
317,368,42,77
316,368,47,78
314,365,49,87
320,371,39,84
323,376,39,84
313,383,47,81
323,388,37,84
314,388,49,83
318,394,39,81
317,392,48,90
325,402,32,75
313,396,47,86
318,398,41,90
314,398,48,96
322,415,37,84
324,414,37,83
323,421,38,82
317,422,42,84
320,431,38,82
322,443,43,74
