589,242,74,106
598,254,57,98
593,250,70,110
590,247,75,108
598,253,67,109
600,252,67,110
593,253,72,108
594,254,71,106
595,248,78,116
595,247,72,114
600,259,68,107
597,256,70,110
600,261,67,107
599,261,74,107
599,259,73,116
595,256,79,117
594,263,81,112
600,262,77,110
601,263,74,114
604,265,67,115
599,263,74,114
600,266,76,115
605,266,69,119
609,265,65,122
602,271,75,112
601,270,76,117
602,268,77,118
601,270,79,124
607,274,70,118
606,272,73,123
606,273,72,120
603,275,81,119
604,276,80,120
603,280,80,119
604,283,81,116
604,278,79,127
606,283,76,120
609,285,78,120
604,287,86,118
606,282,83,127
607,281,80,128
606,287,81,124
610,287,81,126
609,288,79,128
607,291,85,128
606,293,84,124
613,296,76,121
605,287,95,135
610,291,86,131
610,294,80,130
610,296,86,129
611,298,84,127
614,300,78,127
613,300,82,128
611,297,88,136
613,300,85,132
610,303,89,129
616,302,83,131
613,301,91,138
613,305,85,137
614,301,88,141
617,308,81,131
608,307,95,132
617,310,88,132
614,303,85,146
615,302,85,147
615,312,82,130
613,312,89,139
608,306,102,142
616,310,91,145
613,307,87,141
617,309,87,141
617,313,86,139
616,313,83,136
619,314,91,142
616,309,89,148
614,313,92,140
611,312,90,142
618,311,82,142
620,312,83,147
613,314,90,141
612,309,93,146
610,318,91,137
610,315,92,145
613,314,91,146
616,313,86,143
616,318,86,142
616,318,87,140
613,313,87,154
614,318,88,141
609,310,87,147
607,318,92,138
618,317,84,144
614,314,87,138
614,318,85,141
611,312,86,149
613,314,88,149
607,314,90,143
610,309,99,145
619,307,76,137
609,299,90,148
614,303,90,139
611,305,86,133
606,301,90,139
609,298,91,139
610,290,87,146
604,292,90,133
608,295,83,127
610,290,85,127
604,277,91,147
605,278,92,140
609,276,82,137
611,278,82,129
610,275,78,135
609,267,77,133
609,270,76,126
607,261,79,132
607,261,81,129
612,261,78,122
603,256,86,130
608,254,76,123
604,251,82,127
604,240,80,132
605,251,82,122
601,244,82,122
608,244,74,123
605,242,77,121
608,239,76,122
608,240,73,123
607,242,73,116
601,243,79,116
603,238,75,118
600,239,76,117
603,239,77,115
601,235,80,117
602,229,73,125
601,238,74,104
606,236,73,112
599,229,78,123
605,236,68,110
598,232,75,114
598,228,75,115
599,231,72,110
599,228,78,110
601,228,67,116
604,220,68,117
603,219,71,125
603,222,67,115
601,226,69,113
595,219,76,113
599,217,71,127
597,217,72,113
597,218,73,110
596,217,70,110
599,217,67,109
595,218,76,115
597,221,74,111
602,211,68,117
601,205,66,116
590,203,77,115
594,204,79,126
596,204,72,116
593,211,69,102
598,210,67,108
596,201,64,108
602,212,65,101
588,210,75,103
600,206,63,103
594,205,67,101
595,206,67,107
596,201,65,107
593,201,70,104
594,203,63,97
597,200,62,97
593,196,64,105
595,199,65,101
596,199,57,101
594,192,62,113
598,194,66,97
591,184,63,113
595,188,64,93
594,191,63,96
589,191,66,90
596,188,58,91
594,179,62,99
598,179,54,99
589,180,70,95
592,182,60,88
589,177,66,97
592,175,60,91
590,181,61,87
597,180,60,89
594,173,55,88
591,167,60,97
592,169,60,88
595,170,58,85
584,163,68,94
585,160,62,90
590,166,59,87
592,160,52,84
591,160,58,87
589,162,55,83
588,156,58,90
585,155,58,85
588,152,58,93
587,159,58,79
592,151,53,82
585,147,57,85
586,146,56,88
581,147,65,86
591,149,52,83
587,145,55,79
587,149,50,71
584,141,58,84
587,143,55,76
585,138,54,84
586,137,50,80
585,143,56,78
582,138,58,83
583,136,57,81
586,137,49,78
580,139,56,71
587,132,50,83
581,132,57,81
585,130,54,84
583,127,51,83
580,134,58,75
587,134,49,75
578,127,54,79
582,130,53,75
578,128,55,78
578,127,57,77
583,130,48,80
581,133,52,71
582,130,48,71
584,123,50,81
580,128,51,70
581,128,55,69
582,120,53,75
580,118,49,82
580,124,55,77
585,126,42,64
583,124,46,69
580,120,54,81
583,119,46,80
581,118,50,79
578,115,58,86
583,115,47,76
583,113,45,76
585,115,43,76
578,116,49,72
582,123,45,71
584,120,45,68
582,112,45,74
583,115,42,70
582,111,47,77
579,114,52,71
583,114,46,70
582,113,45,72
583,115,46,68
580,114,44,63
579,111,49,74
582,112,52,75
583,108,40,70
579,111,48,69
579,113,49,67
585,110,40,63
588,106,37,71
575,106,54,76
581,106,47,67
578,106,49,71
584,108,39,64
579,106,46,61
581,110,51,68
578,104,48,71
581,102,48,70
583,100,42,75
583,103,41,67
578,101,50,77
583,101,40,66
585,100,42,70
582,103,45,67
580,98,50,78
580,104,41,63
579,95,48,75
580,100,44,67
577,100,53,67
580,102,49,61
582,104,44,64
585,100,41,64
585,95,38,71
583,98,39,65
588,96,25,71
576,104,51,64
585,100,41,68
580,94,46,71
585,100,38,60
582,101,41,61
585,97,37,62
586,98,38,66
587,101,36,62
586,101,33,61
584,101,41,58
577,96,44,65
586,98,34,58
581,92,38,71
584,103,40,58
585,103,38,57
585,94,35,67
589,99,35,65
586,99,36,59
583,101,41,55
584,99,43,62
590,95,35,68
588,91,34,68
585,95,37,68
587,104,38,57
591,98,32,70
581,100,41,56
585,100,40,58
589,99,36,63
585,98,37,61
586,98,37,61
587,100,34,58
592,100,30,57
589,98,33,60
588,97,37,67
591,93,32,62
590,97,32,61
592,98,32,59
587,94,36,60
588,98,32,66
592,104,28,53
587,102,41,57
589,98,38,62
589,98,38,58
589,100,38,57
590,93,35,60
592,95,37,64
588,95,38,60
591,99,34,49
586,94,41,54
587,97,33,61
593,94,28,54
587,95,36,51
593,99,35,52
587,94,43,58
584,89,47,62
593,92,35,58
595,92,36,56
591,91,38,58
590,89,40,60
587,89,40,60
585,90,48,55
591,90,39,57
591,90,40,61
585,86,47,61
591,92,39,51
588,88,40,56
589,91,41,51
592,88,36,56
593,92,36,47
593,88,33,53
590,84,39,60
589,88,42,49
591,93,41,46
592,88,39,53
593,87,40,55
597,84,36,55
588,86,42,55
592,84,37,59
592,85,36,54
591,84,39,52
594,88,38,49
593,87,36,51
591,88,42,48
591,86,38,49
592,87,36,50
588,82,42,51
593,85,37,52
594,84,41,52
592,86,41,45
598,81,30,59
588,75,47,60
593,83,42,51
595,74,42,62
597,83,33,53
594,81,37,53
597,80,37,53
595,81,40,54
596,82,35,50
598,79,36,55
597,78,41,54
599,80,34,53
598,80,38,52
599,79,34,52
598,82,36,49
600,76,32,61
599,79,38,56
597,78,39,53
599,80,35,51
597,79,38,50
600,79,34,56
601,77,33,57
600,82,39,54
605,76,34,54
599,75,38,60
602,75,32,53
603,78,35,54
601,73,39,59
603,77,32,54
601,74,38,59
599,75,37,64
600,79,35,51
601,71,39,62
604,76,34,55
603,74,36,58
601,74,37,58
605,77,34,51
605,72,34,57
607,75,30,60
606,78,33,53
602,73,36,57
607,78,33,53
606,76,36,57
604,78,38,51
607,75,32,57
606,76,32,57
605,76,37,54
609,79,35,51
611,77,28,51
608,71,35,60
607,78,35,54
610,81,34,53
608,76,34,57
606,77,41,54
608,76,35,56
609,75,32,54
613,79,33,55
608,79,37,56
608,73,37,56
608,77,39,56
611,78,34,55
610,76,37,59
611,77,37,55
609,72,39,65
608,75,39,56
610,74,36,59
611,80,34,52
609,75,36,58
608,75,39,60
611,77,36,56
609,79,40,53
612,77,37,62
612,75,33,61
614,76,36,58
611,76,33,60
613,76,31,60
613,81,35,55
612,77,36,59
614,75,36,64
615,80,35,60
611,82,38,55
613,82,35,56
613,79,36,59
614,79,35,58
611,78,39,60
613,81,38,57
615,81,36,58
613,75,38,65
615,80,35,66
617,81,35,59
614,79,38,62
609,84,46,61
612,72,39,68
609,82,47,56
612,76,41,63
617,84,36,59
614,81,36,61
618,86,31,52
617,85,36,59
614,85,39,55
613,90,42,53
616,86,35,59
615,84,37,60
618,88,38,62
620,90,36,57
617,85,37,62
613,85,44,61
620,86,38,63
616,88,40,58
614,86,41,61
615,88,40,61
614,83,42,66
615,88,39,61
614,88,42,61
625,88,34,64
613,83,43,65
617,86,38,66
614,87,42,59
618,102,33,47
617,96,41,58
618,90,39,59
614,94,41,60
615,94,43,56
615,98,40,56
612,97,46,60
613,98,44,53
619,99,0,0
618,95,44,63
619,93,40,62
611,103,48,53
617,106,36,41
617,98,42,57
615,97,47,64
621,100,43,57
614,102,44,58
616,100,47,61
614,91,46,66
615,100,43,61
615,100,49,61
615,100,46,63
618,100,42,63
615,104,45,61
613,103,51,57
614,102,47,62
619,102,43,62
614,107,48,59
614,103,46,59
620,104,41,62
615,104,52,62
614,106,46,62
616,104,47,62
620,105,40,67
617,107,45,62
621,103,44,68
619,101,44,69
619,102,44,68
619,109,42,62
618,113,48,59
618,109,47,63
613,101,54,69
619,111,47,60
624,108,42,66
622,109,42,63
625,108,39,63
621,107,43,68
616,107,51,65
622,108,47,64
615,107,52,70
615,110,55,66
619,107,48,68
622,114,44,61
618,108,52,65
618,110,50,65
615,115,53,63
615,113,61,63
619,111,53,68
625,117,39,61
612,109,55,67
621,110,47,68
617,118,53,61
620,116,50,65
618,113,53,66
624,121,44,55
621,118,47,61
627,115,42,65
624,114,45,66
619,108,51,77
615,115,53,67
621,120,49,63
622,117,45,67
625,116,47,70
621,120,48,64
621,121,50,67
615,115,58,71
626,123,42,60
625,122,47,61
622,120,49,71
624,122,47,69
619,115,51,71
620,125,54,66
621,122,54,64
622,122,51,68
622,123,48,68
624,125,50,69
619,123,54,68
633,132,35,62
622,123,54,74
618,121,50,70
622,123,51,69
623,127,54,71
621,124,56,77
626,128,46,72
624,123,52,71
626,123,49,74
626,130,50,66
625,127,47,72
626,127,47,68
620,125,57,70
627,129,49,69
624,126,50,75
623,130,53,71
626,134,49,73
628,133,49,70
627,135,50,69
629,137,48,65
628,137,49,68
631,130,45,74
632,136,44,67
628,132,49,77
626,139,54,70
628,140,50,66
626,132,53,76
630,137,51,73
622,135,61,80
626,129,53,83
629,131,52,80
632,136,47,78
628,136,54,76
634,139,46,74
631,136,49,77
632,137,49,77
624,136,58,78
629,141,54,74
631,148,48,68
628,146,55,70
630,138,54,81
633,142,52,78
630,144,55,75
632,142,52,80
632,143,52,80
631,139,54,80
633,143,54,77
634,142,55,82
634,148,54,75
633,148,55,76
635,142,52,85
639,145,50,80
639,149,48,75
630,151,59,77
636,152,59,74
632,148,58,81
638,151,53,77
636,146,55,88
635,147,58,88
634,151,60,79
637,144,56,89
633,154,59,75
638,154,53,77
632,146,63,86
635,152,58,82
635,156,59,82
636,153,54,80
638,155,62,85
640,157,55,79
637,154,59,84
635,156,62,84
642,158,56,83
640,158,59,85
646,161,52,83
642,164,59,80
642,154,58,90
644,162,56,79
642,162,61,83
645,161,56,87
640,158,61,89
643,157,57,93
647,159,61,95
641,160,63,88
645,162,58,90
645,167,61,83
647,164,56,86
644,167,61,88
640,168,64,84
648,166,58,90
644,165,62,88
652,163,57,93
643,169,65,91
646,168,60,94
647,169,63,92
645,169,68,94
647,168,66,95
645,170,64,95
648,173,61,88
645,172,66,88
650,174,61,89
649,176,63,90
649,168,62,97
654,180,59,85
652,179,62,89
647,176,63,95
652,174,61,98
655,172,59,99
653,175,65,99
651,184,60,88
651,178,65,97
656,184,58,95
652,186,65,96
653,180,63,97
654,190,62,91
658,184,62,106
656,189,69,97
651,193,69,89
654,192,65,98
656,192,66,98
658,193,64,95
653,197,64,93
653,196,69,96
656,196,68,98
660,191,65,103
651,195,73,105
656,199,69,99
658,201,64,100
654,197,71,113
654,194,70,110
653,198,74,108
657,200,66,104
652,193,79,112
656,205,70,104
656,204,69,102
659,208,69,100
661,211,62,96
659,207,71,100
666,216,59,96
664,208,67,103
664,205,72,113
658,203,73,116
653,206,78,117
660,210,71,112
666,210,69,112
661,214,70,114
668,216,61,117
664,216,69,112
657,215,78,113
664,220,75,117
666,225,70,107
654,220,87,111
659,225,75,109
661,223,77,119
660,226,80,113
661,227,75,118
657,224,81,118
666,226,72,119
665,224,75,120
671,229,68,121
668,233,79,112
660,218,82,121
666,231,82,122
669,230,78,125
669,240,80,116
664,234,82,123
665,227,87,132
670,229,76,130
666,236,79,126
669,237,80,130
669,242,80,128
664,240,89,126
670,241,87,132
670,239,82,136
670,241,84,129
679,247,72,129
685,261,67,109
670,250,83,129
673,252,88,134
672,250,88,137
673,257,86,124
676,257,85,128
672,255,95,132
677,262,86,130
684,264,77,129
679,256,86,140
671,252,94,142
679,262,85,137
676,265,89,138
677,263,87,139
682,265,85,143
684,267,91,148
686,264,84,144
672,263,99,154
677,270,96,145
682,271,90,146
685,273,93,146
681,271,96,151
682,275,95,152
684,275,97,151
685,278,92,143
682,272,97,157
685,276,97,159
687,279,97,156
684,267,100,177
690,282,94,153
687,284,105,167
686,280,104,165
682,283,114,163
689,284,103,166
694,282,101,169
694,289,102,168
687,294,112,159
688,293,109,162
692,296,106,164
694,296,106,161
699,301,110,164
692,297,113,168
693,299,111,169
701,308,106,161
704,308,101,165
697,295,112,182
704,308,107,166
703,299,109,178
702,308,113,171
703,302,113,179
703,309,110,184
710,308,112,179
704,316,118,176
697,309,126,186
709,319,115,170
704,313,123,184
706,312,118,189
715,314,113,184
711,320,116,187
712,317,119,184
707,319,122,186
707,320,122,187
714,317,119,195
714,321,124,193
711,323,124,189
709,330,132,189
710,325,131,193
709,331,133,188
711,329,135,194
717,334,129,193
718,328,125,199
729,334,123,194
722,324,127,204
718,335,135,194
711,336,149,199
720,336,137,200
719,338,141,202
721,343,134,195
732,349,129,197
725,344,130,198
723,330,138,208
725,337,143,203
722,340,152,210
734,355,135,186
735,354,140,191
722,346,151,208
731,343,145,209
734,347,142,205
733,356,139,205
731,361,155,204
731,346,150,227
728,361,154,205
733,358,154,218
748,361,136,207
730,364,160,198
729,348,154,215
731,350,163,219
726,356,162,205
743,367,139,194
739,366,157,202
730,354,171,235
737,362,152,212
