714,135,134,60
720,136,120,57
714,137,128,62
709,132,133,63
703,142,136,56
704,142,127,55
704,139,127,53
704,136,124,58
695,143,136,51
693,142,135,50
697,141,123,50
688,142,134,50
689,141,131,52
685,146,132,49
685,141,130,52
685,145,127,50
681,146,132,51
678,143,132,54
672,140,134,58
674,143,131,54
672,141,129,58
666,146,135,54
666,143,134,56
661,144,136,54
667,147,129,54
660,145,132,57
660,145,131,53
655,147,136,55
653,144,137,57
655,145,132,58
649,144,136,54
650,145,131,56
647,144,134,57
644,144,134,60
647,147,130,53
645,146,132,57
642,150,132,52
639,147,136,56
640,148,131,57
638,151,136,53
634,150,135,54
637,149,118,56
631,146,130,59
631,152,135,52
626,155,136,49
631,148,128,58
630,149,131,60
624,150,137,55
624,149,133,55
621,148,138,55
620,148,136,60
618,152,138,57
617,152,139,56
617,153,134,56
620,153,131,54
614,153,136,52
615,148,134,58
618,153,130,54
616,153,132,50
610,153,137,57
609,154,135,55
609,153,135,58
608,156,135,56
609,152,134,61
608,153,131,55
607,156,136,52
608,154,131,55
606,155,132,55
609,158,128,50
603,157,134,50
604,156,133,54
601,155,135,52
602,157,134,50
605,157,130,50
600,156,139,52
598,158,133,50
599,156,136,54
598,156,134,53
598,159,136,51
599,157,133,53
596,157,134,53
598,156,132,54
596,159,140,53
598,158,133,53
595,159,136,50
596,157,138,55
594,157,137,55
595,158,136,53
592,154,140,57
597,153,134,58
596,155,132,59
598,157,132,54
600,155,129,60
597,157,133,55
598,156,133,54
597,152,138,64
595,156,133,55
599,154,128,59
599,156,131,59
596,159,135,53
592,154,141,61
596,157,136,58
599,154,136,65
590,158,145,57
595,159,140,55
596,159,135,56
600,160,133,53
601,161,131,57
597,158,132,59
598,164,131,50
598,158,133,58
602,157,132,57
595,158,136,58
597,160,132,54
598,162,129,53
597,163,140,52
600,162,135,54
600,163,136,54
604,165,130,51
605,163,132,55
606,163,129,54
604,162,131,53
596,162,136,53
608,162,127,58
609,163,127,53
603,161,133,53
607,166,127,49
603,167,136,49
603,165,133,48
610,167,124,47
615,160,124,48
609,162,128,54
609,164,129,53
605,162,136,60
604,167,136,45
609,167,130,55
609,168,132,53
616,162,125,63
608,161,135,66
611,162,136,62
614,161,132,64
611,160,138,67
617,163,131,62
616,166,130,59
619,163,130,59
614,162,137,65
615,152,130,75
615,156,134,71
619,157,133,76
618,160,134,71
623,160,130,69
617,158,134,70
621,158,134,71
623,159,135,69
627,158,127,70
619,163,138,64
620,159,135,67
622,161,139,66
626,162,127,69
628,159,128,74
629,160,129,68
621,158,138,72
624,153,133,82
624,162,137,72
624,162,135,71
629,161,130,73
626,161,137,67
629,156,135,73
628,165,134,65
633,164,128,65
631,162,128,65
630,161,133,69
631,161,130,71
633,165,129,70
638,163,124,68
638,163,124,70
630,166,136,65
638,161,129,78
636,162,126,69
637,166,132,67
638,165,128,67
633,168,137,64
632,166,135,67
633,169,133,70
638,165,131,70
640,165,128,69
638,167,137,70
642,164,126,73
633,167,142,68
638,166,136,71
643,164,125,73
643,170,127,68
640,171,130,66
643,161,132,75
643,168,131,70
645,167,126,68
645,171,135,65
643,166,132,69
645,170,131,64
647,164,127,72
648,171,133,68
649,172,128,69
655,167,126,73
649,169,130,69
650,169,126,71
646,166,133,74
651,171,131,69
649,168,134,71
658,168,121,75
648,169,135,70
649,174,135,67
652,170,135,70
651,170,134,70
650,169,136,73
659,170,125,70
662,169,120,70
659,172,127,73
658,171,127,74
659,174,128,64
653,173,133,70
659,171,130,76
659,174,130,74
657,172,133,70
660,170,133,72
662,171,129,71
661,174,131,68
664,172,126,72
665,171,127,72
669,171,125,73
661,177,139,64
663,171,133,73
658,173,140,74
670,175,130,71
670,174,127,71
664,178,137,67
663,176,135,71
663,178,140,68
663,180,146,66
671,179,135,69
670,179,131,72
671,179,133,70
677,177,125,73
676,178,128,71
670,179,139,72
677,181,130,69
674,180,132,70
677,182,134,68
677,180,131,72
675,180,133,68
678,181,132,70
681,177,129,75
676,180,136,72
687,184,122,66
679,185,134,66
681,182,134,67
683,185,140,66
686,183,125,68
689,182,129,66
687,181,94,61
685,182,127,70
689,179,131,72
687,185,132,67
686,182,129,76
690,185,128,68
693,187,125,68
694,183,129,70
695,183,123,74
691,179,125,76
696,183,124,74
690,183,126,71
691,178,126,77
699,179,123,79
694,178,127,76
697,185,127,74
696,183,127,76
699,190,126,67
700,190,121,66
695,191,125,69
701,186,123,77
704,190,116,71
701,188,124,74
701,190,123,70
700,186,127,74
701,188,122,74
700,190,125,70
698,188,130,75
707,185,119,76
701,187,123,76
702,187,124,70
701,188,126,73
702,189,125,74
702,191,125,72
701,192,127,71
707,190,121,75
708,192,120,72
707,196,121,67
706,194,121,71
705,191,123,73
707,191,121,75
706,189,123,77
704,197,124,65
709,196,124,68
704,198,124,67
699,197,132,70
706,188,121,76
707,197,123,70
705,199,124,66
702,198,128,67
709,200,121,69
708,196,120,71
707,198,120,71
708,198,121,70
709,201,122,65
711,202,117,67
708,200,121,67
703,200,122,68
709,200,120,69
709,200,118,69
712,201,114,69
712,204,118,65
704,200,120,71
709,203,116,67
709,208,119,64
713,206,110,61
703,203,119,66
704,201,119,66
704,201,116,67
702,200,117,71
707,201,109,67
696,199,120,65
702,198,112,63
698,200,116,65
699,200,112,63
695,197,112,65
698,197,110,67
697,201,106,62
689,196,114,69
691,195,113,68
693,194,113,67
696,199,114,63
691,195,117,65
697,193,108,71
698,197,112,67
700,196,107,68
703,199,104,67
702,197,105,67
698,200,113,64
700,198,108,63
699,200,110,66
703,200,0,0
705,202,107,61
703,203,104,63
702,200,112,62
700,197,110,69
700,199,109,61
703,195,108,71
698,200,111,62
702,199,106,66
703,198,105,65
700,202,110,61
700,205,109,58
710,202,99,60
704,198,105,68
702,201,108,63
699,200,111,65
703,199,104,63
701,199,110,63
705,198,102,63
710,201,98,60
705,197,105,66
700,199,105,63
705,200,100,67
703,202,101,59
702,203,107,65
702,202,102,62
700,198,105,63
703,200,98,61
701,199,101,64
700,201,102,59
703,200,100,62
702,200,99,59
702,202,98,63
704,199,95,63
704,196,98,65
698,194,101,67
702,199,97,65
697,195,102,67
701,195,99,61
701,199,99,58
700,197,101,61
699,194,97,62
698,194,96,63
700,193,93,68
700,195,95,64
697,196,96,60
694,194,98,62
696,199,94,56
693,197,97,61
694,198,95,61
690,196,98,65
691,201,96,64
704,199,121,66
703,195,122,69
704,197,124,69
705,198,121,69
701,193,125,75
704,193,125,74
710,196,125,75
712,198,118,73
710,198,118,72
709,199,118,71
708,199,119,73
707,197,120,71
707,198,120,68
708,200,120,68
704,203,126,70
701,196,131,72
715,199,110,71
705,194,122,74
708,206,123,69
709,199,118,72
704,199,124,73
703,196,128,71
713,203,112,70
711,201,110,69
706,199,115,71
709,198,111,72
710,192,109,71
700,200,119,66
692,196,119,69
698,194,116,71
704,202,113,65
700,199,107,64
699,199,112,62
696,195,110,66
693,195,111,65
694,195,111,66
693,198,112,65
693,196,113,62
694,200,116,64
688,197,117,65
695,196,114,64
694,197,115,62
697,193,109,68
704,198,112,69
697,196,111,63
695,199,110,62
699,195,108,70
699,196,109,67
695,199,115,59
701,197,103,67
704,198,107,64
706,200,100,63
705,196,100,68
704,197,108,66
701,200,107,61
704,202,107,61
709,200,99,61
704,206,105,58
703,201,104,60
705,203,103,61
706,203,104,59
703,200,108,65
708,202,97,61
702,196,105,69
704,195,103,66
705,196,101,66
711,202,100,65
710,200,93,61
709,193,94,68
706,194,105,73
699,199,109,60
703,198,103,66
710,197,99,70
709,197,94,64
706,201,101,60
709,198,89,61
702,198,99,65
705,200,97,57
705,199,100,64
701,198,102,67
704,199,100,64
709,194,89,61
697,199,104,57
698,199,103,62
701,197,95,62
700,203,101,58
700,204,97,54
699,194,104,66
699,198,96,59
701,198,95,59
699,200,100,61
699,199,94,58
694,195,97,60
687,193,103,63
701,203,88,53
696,193,91,61
700,196,91,65
692,199,101,54
693,195,95,58
691,197,96,56
695,199,88,56
687,197,98,56
689,200,92,52
690,195,91,55
688,202,98,54
692,202,97,58
689,198,89,54
690,192,99,65
695,200,77,50
689,200,88,49
693,197,84,62
685,198,95,59
688,194,84,58
686,189,89,64
681,195,93,56
685,196,87,54
679,194,92,58
689,197,75,57
679,194,94,55
679,198,91,52
681,196,86,56
675,196,89,50
676,196,88,50
677,194,89,57
675,199,88,52
677,195,87,59
674,192,86,56
676,195,85,54
677,197,82,52
671,195,88,52
672,195,83,50
673,196,83,54
672,193,81,52
668,196,84,50
667,195,86,47
665,194,86,52
671,193,77,51
663,192,84,55
665,193,81,52
663,193,84,45
658,190,90,51
668,195,76,43
664,191,77,50
656,181,82,56
663,196,75,46
663,196,84,54
657,197,91,45
654,195,84,46
649,195,88,45
660,191,75,47
656,191,85,51
659,191,68,53
655,187,75,54
651,187,80,53
653,190,77,52
654,190,73,52
655,195,72,46
656,195,69,46
650,194,75,45
651,190,71,49
649,192,78,46
644,193,77,45
628,191,87,47
646,191,71,48
643,190,74,48
645,187,77,54
644,183,71,56
642,188,80,54
643,194,74,46
643,190,73,55
639,188,76,46
636,187,71,49
635,192,77,45
637,184,68,53
641,190,68,49
640,193,70,41
638,188,68,50
632,190,72,49
635,186,66,45
638,191,65,46
635,191,69,44
633,189,72,50
634,185,63,51
635,189,62,45
632,192,71,43
628,191,64,43
626,191,74,44
625,184,66,46
626,189,72,43
626,186,63,49
626,183,62,51
628,181,57,47
623,186,68,50
623,184,63,50
623,184,61,47
622,183,64,52
615,180,68,49
620,180,65,53
612,176,69,55
623,183,58,51
617,186,64,46
611,184,67,46
611,181,63,45
611,179,65,46
607,186,70,41
612,187,67,45
613,185,58,39
606,184,67,41
602,181,72,46
604,184,69,42
603,183,66,44
607,182,64,44
597,176,67,46
608,183,57,44
605,177,58,51
607,180,58,44
596,176,64,50
592,167,70,58
604,180,67,41
601,184,63,37
596,175,68,46
605,179,57,45
603,184,56,35
600,180,59,40
596,177,61,41
601,182,58,43
601,180,55,42
600,180,57,40
600,186,49,34
598,178,52,42
595,179,58,38
596,180,53,38
594,179,57,40
590,175,59,43
592,176,60,49
586,172,60,43
591,176,54,43
587,173,57,43
590,176,56,43
590,176,54,45
592,173,50,44
589,174,55,45
585,175,56,44
589,180,62,35
587,181,52,37
589,178,48,39
585,176,57,45
583,178,57,34
580,175,62,42
583,175,55,43
584,179,50,36
582,179,60,36
579,172,58,41
579,177,58,33
584,179,50,32
582,177,53,34
582,175,48,37
583,176,50,39
582,173,46,39
581,173,49,39
577,178,54,33
579,174,48,38
581,177,47,32
576,172,48,36
578,178,51,28
574,173,52,34
580,174,42,34
580,173,46,34
580,172,44,35
577,172,48,37
580,171,44,39
575,174,48,35
576,175,49,36
575,176,46,34
574,170,45,38
572,173,53,36
569,177,50,30
571,174,48,30
572,170,51,39
572,172,46,38
572,171,44,37
567,172,49,33
566,169,50,39
568,168,46,39
565,169,49,35
565,170,47,36
566,170,51,37
566,172,47,35
565,172,46,32
570,172,41,30
567,175,43,30
566,172,44,32
566,175,45,27
560,169,52,35
564,172,45,30
565,169,44,33
567,171,40,33
558,170,53,35
567,166,37,36
566,169,36,32
564,168,39,35