957,95,67,42
969,103,53,32
960,102,60,35
968,104,52,30
956,101,62,34
964,102,54,37
955,96,65,44
963,104,57,33
957,103,64,33
962,103,46,38
946,98,62,46
952,97,60,52
949,97,62,46
948,107,66,34
950,103,58,43
950,104,59,38
949,95,64,53
944,98,63,51
943,105,69,43
948,106,58,42
945,102,59,45
942,108,63,41
933,101,70,49
946,101,56,50
936,99,66,54
934,106,67,45
937,108,62,41
937,106,60,40
930,101,68,57
935,104,62,51
930,100,68,52
925,105,74,47
931,108,67,43
923,109,73,39
918,112,74,34
927,108,64,45
915,105,72,43
909,104,80,45
911,104,75,45
920,102,69,52
920,99,72,56
920,105,68,50
914,108,67,42
913,105,73,45
905,100,71,52
914,102,69,59
913,111,65,40
908,104,71,51
910,114,68,36
914,107,56,49
899,105,78,52
905,109,72,49
915,113,60,41
906,108,68,46
900,107,68,51
904,113,67,44
902,112,68,47
895,115,70,43
904,116,66,40
904,110,65,50
896,114,71,44
896,115,67,41
895,111,65,46
887,107,77,52
898,118,62,42
894,115,67,44
895,114,64,48
890,113,69,48
891,114,66,46
887,115,66,42
885,118,74,40
889,117,61,43
892,113,62,48
890,121,59,38
885,117,62,45
889,120,61,40
882,117,66,46
882,122,66,40
878,117,66,47
884,117,57,45
882,116,63,50
880,117,61,47
874,115,66,51
874,117,67,50
877,119,63,42
869,117,69,49
877,119,60,50
868,121,66,43
871,122,59,45
865,121,70,50
865,118,67,46
867,118,66,50
863,121,66,44
866,122,66,42
863,121,64,48
862,123,63,44
857,123,65,47
858,125,65,45
855,123,65,45
853,127,61,39
861,131,55,31
844,125,68,49
835,128,90,35
851,127,62,41
848,121,62,49
840,126,69,41
843,125,71,49
847,130,57,40
844,125,65,50
849,126,55,49
837,131,69,42
839,132,68,41
837,131,68,47
835,132,69,42
843,134,53,39
842,131,52,43
837,134,61,37
838,133,63,39
836,133,57,41
831,132,61,43
831,133,57,42
830,132,61,45
830,131,61,47
825,133,64,45
820,132,64,52
824,133,62,44
824,133,56,46
823,138,58,41
820,135,58,45
807,137,73,46
813,133,69,45
805,132,69,48
810,134,65,46
814,132,65,48
813,138,59,46
813,138,59,45
806,140,63,45
807,143,60,39
801,148,62,40
798,139,67,47
804,147,66,43
799,144,64,41
796,141,66,44
795,143,63,41
799,146,59,41
791,143,69,43
794,142,60,50
787,145,67,43
791,148,64,42
788,143,65,47
788,146,60,40
788,147,60,43
781,145,63,47
786,150,61,37
781,143,63,50
782,151,58,41
781,154,58,35
781,150,60,40
779,155,58,37
776,155,55,34
774,156,58,35
772,152,60,42
768,150,62,42
769,153,59,42
769,153,65,43
763,149,62,53
770,149,54,48
758,148,66,49
762,154,65,40
757,151,60,45
761,152,59,47
759,159,58,38
749,156,66,43
756,155,58,48
757,159,54,38
748,158,66,42
745,158,65,40
747,163,60,36
749,162,59,41
743,161,62,42
746,161,56,39
745,167,62,36
740,164,60,37
738,160,61,45
741,162,58,41
737,159,57,45
735,163,58,41
729,166,61,41
735,169,53,39
728,164,64,43
731,162,60,46
724,159,61,50
722,161,62,46
724,164,58,45
717,168,62,42
721,168,62,42
716,168,61,47
719,170,56,42
718,169,65,46
718,170,55,43
715,170,57,44
710,171,58,44
707,170,62,44
705,171,60,42
697,171,69,46
700,170,63,48
701,171,63,49
699,175,58,42
696,168,64,53
691,175,66,44
690,172,67,50
683,174,72,44
686,176,67,47
688,178,65,44
690,178,60,47
685,179,68,43
682,176,67,47
683,180,68,44
685,176,57,44
680,180,58,45
676,178,62,44
678,181,61,45
673,187,65,40
673,187,65,41
669,186,65,41
674,183,57,48
675,189,60,40
667,185,66,42
671,187,59,40
670,188,56,41
672,191,54,37
662,189,58,43
663,190,62,43
665,186,58,52
662,185,59,47
662,186,55,46
658,189,57,44
657,191,57,45
657,193,50,40
644,189,72,45
651,191,56,48
647,194,57,46
647,197,59,43
631,189,69,48
648,193,60,45
638,192,69,49
641,193,55,47
640,196,55,45
637,201,62,40
631,204,61,40
628,198,63,49
626,203,62,45
623,204,63,42
621,202,60,44
617,199,66,50
619,205,65,43
612,204,68,45
615,204,67,44
613,201,62,54
613,201,64,58
612,203,59,49
605,209,70,44
605,212,68,44
603,212,65,42
603,216,63,44
605,210,62,44
596,207,69,51
602,214,62,51
597,215,59,44
593,213,68,45
583,209,74,55
590,221,68,45
586,214,71,56
589,214,64,52
584,216,66,51
582,221,63,47
582,218,67,50
582,219,63,50
581,221,59,46
578,226,61,47
579,224,60,46
582,220,52,52
568,219,69,51
573,228,61,47
569,222,66,49
567,228,64,44
565,229,64,46
560,226,68,52
562,234,66,45
560,226,61,45
562,229,61,45
555,233,66,42
557,232,63,46
556,236,63,38
552,236,66,46
554,230,61,52
547,231,65,54
551,239,61,46
547,237,63,45
541,236,63,57
549,242,57,42
547,242,58,47
538,240,67,51
537,239,65,51
529,239,66,52
530,238,69,61
534,241,63,52
525,244,71,48
528,246,63,48
522,246,70,49
531,246,61,54
527,244,63,57
520,249,67,50
522,253,67,43
522,248,66,53
526,242,56,54
520,240,60,60
516,244,65,52
508,242,68,60
517,250,62,54
521,251,56,58
514,255,63,52
500,252,73,50
508,255,63,49
507,255,64,55
516,264,56,45
494,256,75,55
505,260,63,49
506,261,62,51
501,263,68,50
501,265,64,47
496,267,68,45
497,263,64,50
487,260,68,52
494,264,60,50
499,265,55,58
485,270,69,46
487,272,67,44
488,266,61,53
490,278,58,42
488,272,59,47
484,272,59,50
484,267,68,53
489,275,61,46
486,278,54,43
490,280,50,47
481,278,63,46
477,274,60,53
482,283,56,47
473,280,62,50
478,281,54,50
474,275,55,55
472,282,57,46
467,282,62,48
472,283,54,55
472,284,57,46
465,281,56,54
469,286,53,53
461,289,59,46
464,291,52,48
452,289,62,56
455,292,61,52
460,294,58,48
459,293,59,49
458,296,56,47
458,295,60,50
445,294,65,52
453,293,60,57
453,292,58,66
445,300,61,49
441,301,63,52
451,297,55,66
443,300,60,51
439,301,58,54
447,301,60,55
449,315,46,37
431,310,65,54
434,303,62,57
432,305,60,56
428,307,66,54
432,318,57,46
432,322,60,41
431,311,60,56
431,319,61,53
419,312,71,53
427,318,57,54
425,321,58,52
429,321,57,50
426,326,53,49
425,322,56,52
412,322,66,54
420,322,60,56
421,324,54,53
411,326,61,54
417,328,57,59
417,330,48,57
409,332,60,47
416,332,57,55
421,334,42,56
402,320,60,69
414,334,50,54
409,335,54,55
410,340,53,52
408,345,54,49
403,351,57,48
409,343,51,57
404,347,54,61
402,346,51,54
407,342,44,58
396,347,55,56
398,351,51,58
401,355,47,55
396,354,54,55
390,351,54,62
396,353,54,57
389,358,58,59
397,353,50,62
395,363,49,50
392,359,46,62
390,366,56,52
393,364,46,60
388,362,53,64
390,364,51,64
384,365,56,69
383,362,62,74
376,366,57,61
376,376,55,57
384,373,48,62
381,372,48,65
380,373,51,60
384,381,47,64
377,390,53,45
378,383,49,59
375,385,56,60
378,390,52,63
378,397,45,52
374,392,46,57
375,392,48,62
371,393,49,60
372,394,52,72
372,403,47,58
370,394,48,58
372,397,44,61
370,406,45,57
368,405,49,63
370,415,42,52
369,412,43,60
368,414,46,49
368,413,49,67
365,418,49,51
367,421,43,55
369,421,39,57
367,419,38,65
369,424,38,56
364,428,46,56
360,428,44,56
355,427,51,61
360,427,48,65
362,430,39,67
358,438,41,50
359,439,40,58
357,439,43,63
357,442,47,58
361,444,36,61
356,444,44,63
354,445,48,74
356,443,44,71
358,450,40,66
352,451,48,61
352,457,47,53
359,452,43,75
357,458,36,60
353,454,39,71
356,452,42,73
355,464,41,57
351,467,35,61
350,470,45,64
356,470,33,63
351,474,43,61
353,473,35,63
349,481,41,55
358,491,34,44
353,480,40,60
346,487,43,59
350,485,37,55
351,485,36,62
349,486,36,57
346,491,37,57
350,494,36,54
348,499,38,47
342,500,42,53
350,496,31,56
353,494,30,61
344,502,40,55
349,504,32,58
352,513,30,48
339,506,47,57
351,511,31,62
344,515,38,60
350,527,34,40
